NA	NA	0.03510983	0.03558328	0.04447949
0.03703275	0.04508996	0.04191956	0.09550896	0.1527771
0.04081614	0.04979535	NA	NA	0.2056835
0.1491995	0.5055993	0.1545726	0.2236066	0.2852351
0.2227949	0.328626	0.5934618	0.1571076	0.274383
0.3985359	0.1454869	0.1680044	0.5869489	0.838769
0.1882783	0.3748026	0.1855374	0.14987	0.2395782
0.1476723	0.1650545	0.1261847	0.079472	0.1022958
0.6022872	0.1941783	0.08759572	0.11369	0.1432356
0.1026304	0.1226901	0.07331212	0.03182937	0.03096679
0.04973571	0.02923347	0.02492971	0.03635567	0.02911874
0.02959741	0.05005671	0.02542698	0.04211509	0.05729429
0.0952283	0.08799888	0.08749274	0.1038816	0.444747
0.2944795	0.4290416	0.1622268	0.1177142	0.09635578
0.1749375	0.0880007	0.04964124	0.04391115	0.045052
0.0536504	0.2251908	0.05240501	0.1777147	0.08304204
0.04241567	0.04454922	0.07750774	0.07773812	0.1540144
0.1400926	0.123384	0.1503838	0.9158452	0.4052176
0.7315442	0.1591224	0.1599964	0.2065806	0.2071153
0.1302533	0.1641658	0.1037787	0.1180751	0.1449626
0.353516	0.1199322	0.1866539	0.223267	0.1090605
0.5013186	0.1270185	0.1723479	0.1252577	0.02953145
0.02667899	0.06097886	0.03075839	0.03291821	0.02895471
0.02812931	0.03097022	0.02658164	0.03932727	0.02871977
0.04350586	0.01936035	0.09233398	0.02583008	0.03469238
0.02297363	0.09799805	0.0638916	0.1191162	0.08676758
0.1563965	0.2853271
